>> Esercizio_6_1

nn =

     2     4     8    16    32


 	 [n]:    2 [ERR]: 3.58e+00 [RATIO]: 0.00
 	 [n]:    4 [ERR]: 6.04e+00 [RATIO]: 0.00
 	 [n]:    8 [ERR]: 8.30e+00 [RATIO]: 0.00
 	 [n]:   16 [ERR]: 1.03e+01 [RATIO]: 0.00
 	 [n]:   32 [ERR]: 1.15e+01 [RATIO]: 0.00